Criptograma: 
169 13 138 81 82 104 91 27 91 142 136 137 18 90 41 15 31 65 159 3 139 81 87 45 15 26 90 157 12 148 24 73 33 65 25 21 143 66 136 3 90 45 65 10 84 13 129 136 81 82 104 64 28 95 143 22 136 2 19 38 78 94 92 132 4 136 3 94 169 91 23 86 139 78 199 16 19 44 74 19 84 132 6 134 81 67 39 93 94 70 131 17 147 20 94 41 92 94 71 133 0 146 2 71 39 92 94 81 143 66 148 20 84 61 93 31 91 13 3 199 2 86 104 91 17 71 132 3 199 18 82 44 78 94 67 143 24 199 28 82 33 92 94 86 152 23 132 24 82 36 15 27 21 159 16 128 20 93 60 74 82 21 154 13 142 2 19 39 15 26 80 153 3 129 24 92 104 75 27 21 153 7 199 23 92 58 65 27 86 143 16 199 1 65 39 91 27 210 9 13 199 145 64 104 93 27 81 143 17 199 21 86 104 76 17 88 154 23 147 16 87 39 93 27 70 202 19 146 20 19 61 92 31 88 202 17 130 3 69 33 200 17 70 202 6 130 81 71 45 67 27 83 133 12 142 16 31 104 93 31 81 131 13 202 5 65 41 65 13 88 131 17 148 146 92 104 64 11 21 184 50 164 81 27 26 74 19 90 158 7 199 33 65 39 76 27 81 159 16 130 81 112 41 67 18 28 202 139 199 28 70 33 91 17 21 135 3 142 2 19 43 64 19 69 134 7 159 30 19 45 15 13 90 140 11 148 5 90 43 78 26 90 202 6 136 81 66 61 74 94 84 133 17 199 18 92 37 95 11 65 139 6 136 3 86 59 15 26 80 202 5 149 16 93 44 74 94 69 133 16 147 20 19 57 90 27 21 153 23 133 2 71 33 91 11 80 135 78 199 23 92 58 66 31 81 133 17 199 1 92 58 15 11 88 139 66 146 31 90 44 78 26 80 202 6 130 81 67 58 64 29 80 153 17 134 28 86 38 91 17 21 137 7 137 5 65 41 67 94 80 202 22 130 3 94 33 65 31 92 153 66 148 20 94 104 70 16 65 143 14 142 22 217 38 76 23 84 202 3 199 20 95 41 15 29 90 132 7 132 5 82 44 64 13 27 

Coincidencias com shifts de 1 a TAM_MSG - 1:
0 4 5 3 2 8 3 0 35 0 5 3 3 4 1 2 0 35 0 6 4 5 3 2 3 0 39 1 3 3 1 1 6 5 0 27 1 4 3 3 0 2 7 1 33 3 6 1 4 4 0 4 1 38 1 3 3 4 3 5 2 0 30 0 5 1 3 5 3 2 0 32 0 4 2 2 1 4 10 0 37 1 2 1 2 5 6 2 0 19 0 1 3 3 0 3 2 0 26 0 4 2 1 3 4 5 1 22 1 3 3 0 2 2 6 1 29 1 3 2 0 4 1 4 0 26 1 0 0 2 1 2 2 0 18 0 3 1 3 1 1 0 1 30 1 0 4 1 1 3 5 0 31 1 2 3 0 3 0 3 1 17 0 3 1 2 1 4 6 0 21 1 2 0 4 4 0 4 0 18 0 2 0 1 2 0 2 0 19 0 2 2 1 0 0 1 0 26 1 1 1 1 1 1 1 0 18 0 0 1 2 3 0 3 0 25 1 3 1 1 2 1 4 0 25 0 2 2 0 1 2 1 0 11 1 1 1 2 1 2 3 0 17 1 2 1 2 3 1 4 0 14 1 1 1 0 2 1 7 0 18 0 1 1 1 2 1 1 0 13 1 0 0 3 2 2 2 0 18 0 2 3 1 0 0 2 1 19 1 2 0 3 7 1 1 0 13 1 0 0 1 1 1 5 0 16 1 2 3 0 1 2 2 0 13 1 2 1 2 1 2 1 0 9 0 2 0 1 1 5 0 0 4 1 1 0 1 1 0 2 0 17 1 2 0 0 2 2 0 0 11 1 1 1 0 1 2 1 0 10 0 3 0 1 2 2 0 0 4 0 1 0 0 0 1 2 0 6 0 0 1 0 2 0 1 0 8 0 0 0 1 1 1 1 0 6 0 0 0 0 2 1 1 0 6 0 1 0 0 0 0 2 0 6 0 1 0 0 0 0 0 0 5 0 2 0 0 2 0 2 0 6 0 2 0 0 0 0 2 0 3 0 0 0 1 0 0 1 0 1 0 0 0 0 0 0 0 0 4 0 1 0 0 0 0 0 0 2 0 0 0 1 0 0 0 0 0 0 0 0 0 0 0 0 0 1 1 0 0 0 0 1 0 -1 

colunaSimbolos 0:
169 142 159 157 143 13 143 132 139 132 131 133 143 13 132 143 152 159 154 153 153 143 9 143 154 202 202 202 133 131 131 184 158 159 202 135 134 140 202 133 139 202 133 153 135 133 139 202 153 137 202 153 143 202 132 
simbolo mais comum da colunaSimbolos 0: 202

colunaSimbolos 1:
13 136 3 12 66 129 22 4 78 6 17 0 66 3 3 24 23 16 13 3 7 16 13 17 23 19 17 6 12 13 17 50 7 16 139 3 7 11 6 17 6 5 16 23 78 17 66 6 17 7 22 66 14 3 7 
simbolo mais comum da colunaSimbolos 1: 17

colunaSimbolos 2:
138 137 139 148 136 136 136 136 199 134 147 146 148 199 199 199 132 128 142 129 199 199 199 199 147 146 130 130 142 202 148 164 199 130 199 142 159 148 136 199 136 149 147 133 199 199 146 130 134 137 130 148 142 199 132 
simbolo mais comum da colunaSimbolos 2: 199

colunaSimbolos 3:
81 18 81 24 3 81 2 3 16 81 20 2 20 2 18 28 24 20 2 24 23 1 145 21 16 20 3 81 16 5 146 81 33 81 28 2 30 5 81 18 3 16 20 2 23 1 31 81 28 5 3 20 22 20 5 
simbolo mais comum da colunaSimbolos 3: 81

colunaSimbolos 4:
82 90 87 73 90 82 19 94 19 67 94 71 84 86 82 82 82 93 19 92 92 65 64 86 87 19 69 71 31 65 92 27 65 112 70 19 19 90 66 92 86 93 19 71 92 92 90 67 86 65 94 94 217 95 82 
simbolo mais comum da colunaSimbolos 4: 19

colunaSimbolos 5:
104 41 45 33 45 104 38 169 44 39 41 39 61 104 44 33 36 60 39 104 58 39 104 104 39 61 33 45 104 41 104 26 39 41 33 43 45 43 61 37 59 44 57 33 58 58 44 58 38 41 33 104 38 41 44 
simbolo mais comum da colunaSimbolos 5: 104

colunaSimbolos 6:
91 15 15 65 65 64 78 91 74 93 92 92 93 91 78 92 15 74 15 75 65 91 93 76 93 92 200 67 93 65 64 74 76 67 91 64 15 78 74 95 15 74 90 91 66 15 78 64 91 67 65 70 76 15 64 
simbolo mais comum da colunaSimbolos 6: 15

colunaSimbolos 7:
27 31 26 25 10 28 94 23 19 94 94 94 31 17 94 94 27 82 26 27 27 27 27 17 27 31 17 27 31 13 11 19 27 18 17 19 13 26 94 11 26 94 27 11 31 11 26 29 17 94 31 16 23 29 13 
simbolo mais comum da colunaSimbolos 7: 27

colunaSimbolos 8:
91 65 90 21 84 95 92 86 84 70 71 81 91 71 67 86 21 21 80 21 86 210 81 88 70 88 70 83 81 88 21 90 81 28 21 69 90 90 84 65 80 69 21 80 81 88 80 80 21 80 92 65 84 90 27 
simbolo mais comum da colunaSimbolos 8: 21

Chave:
234 98 231 113 51 72 47 126 53 

Mensagem:
Com a tendência atual de downsizing e orientação a objetos na informática, a demanda por sistemas robustos de segurança se torna cada vez mais crucial e urgente, pois o desafio de se fornecer proteção às redes de computadores que usam serviços de telefonia, radio-transmissão ou RPC (Remote Procedure Call) é muito mais complexo e sofisticado do que aos computadores de grande porte que substituem, formados por uma unidade de processamento central e terminais sem inteligência a ela conectados.